,.....

0611616111 1111111 108 11116 11. Ἑλλήνων 1161911909 11. .
linita lliloana 1315. Hellespontus 51 o, 18 9, 111 1
061666ιί161 351 18. 181 11,

11161ωαί66116 opp. 93 1, 111 11, 8611616611618, 13. 1

160 1,11011, 181 18. 116166166116616 ltili ttotittn to 11. 1

1116161161 6111111114. 1116611111 66166666 191 181
S. 01611116118618,31311, 396 11616166 391 11. 1
11, 106 10, 115 18, 41611, 8616661161 3831. 1
111 10, 131 10, 13916, 111 816161601661811. 1

10,1111616 et 17, 1611, 1116661611166 81 15, 254 D-

153 16. . llippooratoa 101 16. ¹
1166661108 11. Homeros 111, 51 15 ot 19,118
Ecbatana 15 11. 18, 361 1,111 21. ¹
61166111 11. 1111666111 Bithyniae tlon'u ot =
Endymion 11 11, 1336, 111 11. 11, 99 8, 116 13, 111 18 161
Euboea 11 11, 85 1. 3, 161 5, 111 10, 179 10, 100
66661116 396 8. 1, 103 10, 111 10, 131 1, 161
monia lto 11. 9, 501 3, 558 10.

6616111 imperatrix 1381. 81666661 118 11.
6666161661 309 5. 11111161 opp. 11 1.
1166661611113, 315131116113. 16111616 6618111. 2
1161116118116. iconomachi 381 15, 396 16,ῧο 1
1161616103 1 ot 11. 15,160116111,16813,1915. ¹
66166161 haer. 161 10, 166 9, 1666166151 19. l

1816. 1611161 11013. .

Euxinus 1166161 1610, 8119, 666 161661616171. ,

11. “ ignatio· Antiochino ultimi! 11
16611166616611315. ⁰ 19.

(indeo 19318. 1111111651 11. ³
1616161916μ6111161111611111, 16616116111611111 161116. .

16 3, 18 6,81 1, 531 15, 55991661 19 3, 364 8. ³

13. 1616111166 15 11, 911. 16666616116166116 1315.

61111666 6111611 11. 1666661 1166166661. 111, 511 ¹
066116 43 1, 19111,1915. 11. .
1166666161 ot 13,18 1, 115 11, 1666661 1166161661 11810.

151 5, 190 11. 16666611666116611161119 6.
666111616111166111 11, 31 18. 16616111 113 10, 316 6.

Gratianopolis 565 5. lonium maro 11 16.
(1161611111 Alexandrino patriarcba 1616116118 1.

1119. 1116118111. 116660661166166161611086, 111
016161161111111661111851, 189 1 10, 1511,1881. .

11, 19013, 1911, 191 16, 301 lrnno l’alooolopi 16661551 10.

10, 317 1, 311 1, 311 13, 359 11166666666611166111 611 10·

11, 311 11, 493 10. 11166161 patriti-oba 63 6.

1116161161 166616161111 1,181 1166611116 15 1, 111 18.

1, 190 1, 191 13, 3016, 313 1111166111 135 3.

1166116616, 161 o, 166 , nnn 1115, 61 11, 161 oo. at

6, 115 16111, 119 10,111 13.

10, 118 3, 15111, 411 11. lodan 1166611616 181 13. 1
116111 6. 116 10. lolianna apoatnta 63 6, 330 11.
1166666 161 8. 11166 160 3.

1161661151 15. o labyrintho· 39 11.
liminianam 'oxon 14811, 6616116661 181 16.

66116116, ’16,16611. opinionon&

 

