571 ' 11111111 1111111111.
1

91111111 1111111119 11. syna 15 19. ’ ’

11111111111199. 71111119 1, 90 11, 191 17, 199

Pythagorei 61 9. 11.

91911393 19. 7111111 19 99.

8111111111 199 15. 7111111111813

6111111111. 11 11, urbs 11 19. Tenediorum 1111111151 6, 996 16.

1111111111 1111111111 legatus 5189. Tenedus 111. 789, 85 11, 93619,
“ , 1111111111. 11111,1115,15111,1111,

1111111 111 15, 199 19, 511 13. 593 99, 537 17, 551 5.

8111111111 963 11. · terraemotum 1.

81111111111.19 18 ’11111111 11111 378 8, 381 7, 391

Salomon 395 11, 139 19. 3, 397 17,191 1. ,
· 8111911111996 19. ’11111111 Aegyptiacae 113. 1

81111111 88 6. 71161181111111117 19, 180 15 1
“ Sardinia 111. 190 7. 95111111111111919. .
Scamander 11. 51 18, 997 17. 78116111191111111139918, 381 9, 1
8111111111. 8111111111 11 1111111111. 158 8, 163 99, 161 5. J
11111111111891. Theognontus 11111111 1111111111
scythae 18189911. 111111111- 51319. · ³
11111518 16, 517 17. 11μᾶ- S: ’111111111111387 1.
1111 539 8. 111111111111 19. ’1611111111 966 19, 319 10.
111 exuam& 1111111111 15 10. Therapea 885.
Selymbrin 119 19, 17011, 510 7111111111 33191. 1
15 31111111 19 8.
Semel· 9316. 7711111ὶί1557 19. 3
5111111111 16, 1691, 555 91. 111111111111111, 15 3, 717, g
8111118591. 11717,16811,181 7, 9968, ’
Sidon 91091. 968 16, 5501.
81111111 6. 997 17. ’1611111991 99. ,
811116111111657 8. · 71111111 79 19, 100 7, 903 90, ¹
8111111 1111159993. · 5199. 115111111111111118. ζ
8111111 13590. 160 9.
8111111167 7, 198 93. 711111 1111. 517 91. ,
Sodoma 338 8. 711111111001, 1791951099. 1
8. 81111111 198 19, 901 99, 935 8, 7111151 11. - =
91799, 9519, 516 17, 538 19. Tyrrhenicum 11111 199 7.
Sophocle· 366 7. 71111919 91.
8111111111 83 91. 1111111918 17.
sun 15 2⁰· veneti ⁴¹ 20, 76 ⁵, 8⁴ ¹8, ¹⁴⁴
8111111111111111111385 1. 99, 171 93, 189 6.
Symeon 1111111111 111 11, 1111111111 11 19, 85 5, 115 6.
Symeon 7111111111111 539 19. 1111911111 111111 9111111 51111.

 

