:INDEX‘

nominum propriorum tomi tertii.

affl

111111 56111.

Abel 118 18.

1111111111 11510.

1111111111 100 16, 5576.

1111111111 11.

Acindynus 139 3.

11111ιί1111 1111177 16.

1111111111 1111110 13, 81 13.

Aegyptii 183 10.

1111111111. 182 9, 137 17, 119 3.

’ 1111115601.

Aesculapius 101 16.

1110111 11111111 19111, 518 15.

Aetoli 10016, 557 6.

11111113111101111111111 7. 6 1.

1311111πί111 1668, 3115.

1111115317.

1111111531 19.

1111111557 11.

111111111111111 16 11, 1913,
83 3, 180 11.

Alexander 1111111 1191, 557 17.

1111111111 1111111111 1310, 1111.

1111111111 1110111111 16 11.

11111193 11.

Anam· 0111111 13.

1111111111 11111111. 553 1.

Andronicus imp. 11811, 557 16.

Angelus index 1518.

11111 1111111111ςὶ muer 1191,

Antiocheam 110 9.
Antiochi· 15 11.

““111111111111811111111. 15 11.
. Apollinum 1113 11.

111511 16 5, 19 1. Anmnii

1111111111 38111.

Mela 1111111501 11.

11111111 1111111111 1. 10 11.

1111111398 10.

1111111111 153 3.

Aristotelen-256 18.

1111111856, 187 6, 3151, 15510.

1111111111111111. 13 6.

1111 1781, 181 1111113.

1111111111 1111111 558 3.

1111111111 monasterinm 188 11,

8. 11111111111518175 7,181
11, 190 5, 191 13, 196 11, 333
9, 1131133111, 339 9, 350

1111111117 11.

1116111111 18113, 18317, 158
13, 307 11, 538 3.

,1111111111 1111111168 16.

111111 166 15.

Antion 40 1, 183 13.
11111113 10.
81111111131111111 13 15.

8Ἢ1118111111111111 15 111183

 

