8751051095,

1111111,111,11ι1,111 nicici sercou 11 c
' 91111111111111111115115. 1511117.

num flieroroiym. patriarch 11 iovem 118 18.
90. Oceano· occidentali· 19918.

· 111111111118911, 19511,1111. 011111191515.
1- Accio eiaeooopc‘ ὃῶ 9. olympus 01111 mom 18 5- .
1111151 111915 13,.111 1, 501 0111511111. 99 1,111 11, 151Ι -

1, 551 19, 551 18, oio 1. 11, 159 9, 153 11, 178 9,
Leucosia 78 9. orcum opp. 15 11, 17 11.
Lindus 111. · orion 111 13.

15111 1111111111 genn 511 7. Oropus 13 10.
Lycii 550 3. Lyciorum rairapa 151 11111111ςί 118 io.
11, 551 1. 11. 1111111111193 13, 1183, 178

„- Lydia 159 17. 91, 187 11, 907 11, 115 ios
,. Macedonia 99 5, 1007. , 911 9, 551 3.
’ licaoniam 93, 19117,199 15. Palaestina 11 11, 110 i&

8. uenae 18819. 11111111 1819, 195 11, 519 19.
hoo incr. 151 7. 1111111111 58 7, 111 1511811,
111111111111111111111111191311. 19111.
11111151113091,111 13, 130 15, nerine aporiolao 19511, 198 19,
157 1. 37813, 385 1, 101 11, 118 9,
111111 11718. 131 1,115 19, 199 15.
1111111 Aean 510 15. 1111111111, 57 3.
1111111 Oaniaeunenua 118 93. Peloponnesii 77 18, 919 1.
1111111 acbaniocrrior 1198. Pelopo 135 9.
1111111111 1111111171 3. Pentapoli· 15 7.
11115111 130 13, 191 3. Perinthus 1. Heraclea 78 11, 101
Marcioniaiee 397 11. 11.
1111111151111111111557 17. 11111181 7, 11113, 911 fl·
11111511 monasterinm 113 19. Petrae aporioinn 119 11, 135 15.
nanniano· 53 7. 1111115111199 18.
S. 91111111 185 15, 191 13, 993 Pharao 19 11, 11919.
18, 3013, 311 13, 31518, 317 Pheraeorum tyrannm 151 1.
511 15, 355 75, 355 13, 357 Philippi opp. 551 19.
15, 35091, 3555, 357 93, 1511111111 coccina 1. 01111111.
1, 15117, 151 11, 17115189 Phoenicia 15 10, 910 18.
10, 191 10. 151111111713. ’
nearciacum 19313. Pindaro· 391 15,
linco 3919. 11111111111181 11.
1111111111. Platorii 11, 1115. remica
1111111103 15. aion 309 1.
11111115 90911. Polyxena 1518,
lonc· 183 151175, 191 9113 1111111115 15 8 oi 16, 85 13,
818819. 117 11. 1111111115 19.
1111111 155 8. 1011· aurea 1811, 181 1.
nysi 100 8, 118 3, 103 11. Procius 915 19, 181 5.
lineriaco 513 ii· 111111111111555 11.

necocia· 953 11. · 1111111111 85 ι,

, , 1111111508 10, 5091. 11111111113755.
’ 5111151111 0111111111 gener Proicere 100 1.

557 3. Ptolemaei ιαράριρὶος 31 17.
111111111111111 105 19, 191 8. Pyladea 57 11. “

111111 ro 1111111. ironice. 115

 

