sunus 8187081008. 503

8111010111 17 1. ’ 01111100 0111000. 504 11.
8110101111 01111101 401 24. 70. chrysostomus 123 22 125 10,
8110111οι 30010101 200 7, 540 12 1287, 285 13, 2989, 307 5,
81110111 0111001 3117, 1393, 3173, 3799, 410 13, 410 21,
mffi‚wmwnss. &mmmmomo,mu
8. 81111101122 14, 2833, 285 44218, 4438, 445 15 0122,
10, 2890, 300 5, 304 10, 300 440 14 0120, 4491245214,
15, 3090, 31021, Ι131022 320 4753, 487 19, 488 14, 4891

10, 3415 35412398 19 442 0111, 490 14, 4945 49019, ⁸

2,4839,.4857 49722 52705315

80111112310. 0011007--011101111523
8010100148822. - 011101110 10, 1917.
Bithyni 91 20, 5093. cleodemus 377 19.

81111 0111847, 117 10. clotho 219 23

81100 000. 153 18, 2498, 010 Cnossos opp. 39 11.

0. coccinus 1101101010 00110000102 .
10811010111110110101124221. 1, 80 1. cp. 0111101011 201
8000111 402. 21, 20414, Ι244 5, 24922, 519
800001112597, 3094. ,10,53215.

81111111354 11. 0001010111 14 10, 24019.

0111 128 18. 0010110181011101 11 13.

011011130219. 00001110110110114147,42510,

01111000 201 5. 440 l.

0111111010111111011100. 195 7, 000111011001111000181 13, 1042.
234 10, 249 12, 2575, 520 7, 0010011017717.

5332. 8. cosmus 277 4, 490 11.
callistus 1101ιο1 533 18. 0111101 101111011011244 9.
consuetu· 50⁵ 0. crau 10.. so ι, ss 10, ss 10,
do 0111010 01010111οι0 194 21. 183 0
00111101 000. 121. croesus 20 12.

10. 0101101101οι 24 10, 37 11, 53, 000111101111. 401, 4221, 853.
21, 55 20 1492, 171 10, 177 0001001218 17. cyclopes 1345.
11, 1955, 23011, 342 10, 377 0011011111. 19 22
11,51510. . 00000118011110001100011151314.

01110111 1101124021. 0010011 a yoc 411 20.

01101101000. 40 21. 000111 101. 27 18, 1835.

01101111 11110 199 15. 001000 0111 100.

0111011011 cp· 242 23. 3. cyrillus 292 21, 290 17, 298

ΜΜο010000 mmmmmmw
19, 89 5, 151 17, 177 15, 189 10. 811111000οι 1232, 278 3, 281
5, 242 13. 20, 2923, 2973, 29850121,

010Ιο1011011111010110150325. 30513, 31919,32710,339

00011101110001101 2493, 5573. 12, 3504, 353 10122, 355

011110101011113387. 15, 3577, 30719, 423 23435 -

chalcedonem, 90 21, 117 11, 12, 453 23.
5048. 8110111011 urbs 14 17, 24020.
. 01110101 1810, 32 20, 33 10, 810101 120 23, 28320, 420 24,
2151028320. 4481.
0101011001 1111110οι 284 9. 1111111001 000. 227 18.
010110101οι 85 20, 118 22, 203 0111011023.
15, 223 14. 811001101110015592.
01101111. 517, 783. 810111 127 2, 325 7, 332 12, 530
01311118. 8001111 1111100 225 10, 52³2} lm. l Asussssls ,011-
so

 

